 16 8 38 1 25 10 27 41 13 23 14 43 36 44 30 2 22 28 47 9 40 37 42 32 18 12 19 4 20 17 34 3 45 7 39 11 50 48 24 26 5 46 49 35 29 15 33 6 21 31
 47 33 27 4 36 41 24 25 31 14 45 26 40 13 22 19 44 6 46 15 30 43 49 11 1 29 7 34 5 20 18 38 21 17 35 2 39 28 9 48 8 50 42 23 32 37 16 10 12 3
 21 42 39 31 50 6 23 15 37 45 24 17 44 18 11 35 27 3 49 41 25 16 46 7 43 4 8 30 10 34 33 13 32 2 1 48 5 36 22 40 12 29 9 38 26 47 28 19 20 14
 44 4 7 37 50 28 32 31 17 15 1 48 19 30 24 45 18 49 3 33 47 11 16 10 14 6 5 25 36 22 41 46 34 38 21 20 29 35 39 2 13 12 43 9 42 40 23 26 27 8
 23 10 37 29 4 19 35 16 2 43 41 32 38 49 27 9 15 33 21 30 40 26 18 31 11 6 13 3 5 14 24 47 39 12 44 34 8 20 28 25 7 22 50 46 36 45 17 48 42 1
 39 43 12 6 38 34 7 9 30 49 19 13 22 16 36 47 25 8 35 2 18 29 20 31 48 28 42 3 40 17 44 10 14 26 41 37 46 45 5 1 15 4 21 50 33 32 11 23 24 27
 23 31 5 18 40 13 7 45 22 10 29 11 6 50 9 3 36 42 49 20 33 14 15 32 21 24 2 34 30 41 47 27 35 38 28 1 8 48 44 16 37 19 17 4 43 12 26 25 46 39
 10 31 2 36 7 48 32 27 43 9 30 17 18 15 12 34 45 25 21 16 13 14 28 11 23 24 47 37 8 19 40 1 4 6 35 50 3 46 42 44 39 22 29 33 20 41 38 5 49 26
 14 10 29 16 34 8 25 9 44 3 21 28 49 11 6 33 7 18 13 12 22 39 1 17 26 32 48 19 37 50 43 5 30 24 15 23 38 20 36 45 42 40 4 31 47 35 46 2 27 41
 46 13 23 33 28 42 31 41 25 11 2 38 35 17 26 1 37 19 45 32 5 8 34 14 22 47 16 6 50 43 18 48 10 29 7 27 20 39 4 44 36 3 30 24 21 15 12 9 40 49
